#0:
>0:-8.66,41.13;-8.65,41.13;-8.64,41.15;-8.65,41.15;
#1:
>0:-8.64,41.15;-8.66,41.15;
#2:
>0:-8.65,41.16;-8.66,41.14;
#3:
>0:-8.64,41.17;-8.64,41.15;-8.66,41.15;
#4:
>0:-8.64,41.16;-8.66,41.16;
#5:
>0:-8.64,41.16;-8.65,41.16;
#6:
>0:-8.65,41.15;-8.64,41.13;-8.64,41.16;-8.66,41.15;
#7:
>0:-8.64,41.14;-8.66,41.15;
#8:
>0:-8.64,41.14;-8.65,41.15;-8.65,41.14;-8.64,41.15;-8.66,41.14;
#9:
>0:-8.66,41.17;-8.66,41.15;
#10:
>0:-8.64,41.16;-8.64,41.14;-8.66,41.15;
#11:
>0:-8.64,41.13;-8.65,41.16;-8.66,41.16;
#12:
>0:-8.64,41.17;-8.64,41.16;-8.66,41.15;
#13:
>0:-8.54,41.15;-8.53,41.17;
#14:
>0:-8.64,41.15;-8.65,41.14;-8.65,41.16;-8.64,41.13;-8.64,41.15;-8.65,41.15;
#15:
>0:-8.66,41.17;-8.65,41.15;
#16:
>0:-8.66,41.16;-8.66,41.15;
#17:
>0:-8.65,41.16;-8.65,41.15;
#18:
>0:-8.65,41.14;-8.64,41.14;-8.64,41.15;-8.66,41.14;
#19:
>0:-8.66,41.17;-8.65,41.15;
#20:
>0:-8.64,41.15;-8.65,41.14;-8.64,41.15;-8.64,41.18;-8.65,41.15;-8.66,41.16;
#21:
>0:-8.66,41.16;-8.65,41.15;
#22:
>0:-8.64,41.15;-8.66,41.16;
#23:
>0:-8.64,41.15;-8.66,41.15;
#24:
>0:-8.64,41.15;-8.65,41.13;-8.64,41.15;-8.66,41.15;
#25:
>0:-8.64,41.16;-8.64,41.14;-8.64,41.14;-8.66,41.15;
#26:
>0:-8.66,41.18;-8.64,41.17;-8.65,41.15;-8.65,41.14;
#27:
>0:-8.65,41.17;-8.64,41.18;-8.64,41.15;-8.66,41.15;
#28:
>0:-8.64,41.15;-8.66,41.15;
#29:
>0:-8.53,41.15;-8.54,41.15;-8.53,41.17;
#30:
>0:-8.64,41.14;-8.66,41.16;
#31:
>0:-8.66,41.18;-8.66,41.15;
#32:
>0:-8.65,41.13;-8.65,41.15;-8.66,41.16;
#33:
>0:-8.66,41.17;-8.66,41.14;
#34:
>0:-8.64,41.14;-8.66,41.14;
#35:
>0:-8.65,41.16;-8.66,41.15;
#36:
>0:-8.64,41.15;-8.66,41.15;
#37:
>0:-8.64,41.13;-8.65,41.15;-8.66,41.16;
#38:
>0:-8.65,41.13;-8.64,41.14;-8.66,41.15;
#39:
>0:-8.65,41.14;-8.65,41.13;-8.65,41.15;-8.66,41.15;
#40:
>0:-8.66,41.15;-8.65,41.16;
#41:
>0:-8.65,41.17;-8.65,41.16;-8.64,41.13;-8.65,41.15;-8.66,41.15;
#42:
>0:-8.65,41.15;-8.66,41.16;
#43:
>0:-8.65,41.15;-8.65,41.16;
#44:
>0:-8.65,41.14;-8.66,41.14;
#45:
>0:-8.65,41.15;-8.65,41.16;
#46:
>0:-8.64,41.14;-8.64,41.17;-8.64,41.16;-8.66,41.15;
#47:
>0:-8.66,41.17;-8.65,41.15;
#48:
>0:-8.66,41.17;-8.66,41.15;
#49:
>0:-8.65,41.16;-8.65,41.15;
#50:
>0:-8.65,41.14;-8.66,41.16;
#51:
>0:-8.54,41.15;-8.55,41.16;
#52:
>0:-8.66,41.13;-8.64,41.13;-8.65,41.15;-8.65,41.14;-8.64,41.14;-8.64,41.17;-8.64,41.15;-8.66,41.14;
#53:
>0:-8.65,41.13;-8.64,41.14;-8.64,41.13;-8.64,41.15;-8.65,41.15;
#54:
>0:-8.66,41.17;-8.65,41.16;
#55:
>0:-8.63,41.17;-8.64,41.17;-8.64,41.14;-8.65,41.16;
#56:
>0:-8.66,41.16;-8.66,41.15;
#57:
>0:-8.65,41.15;-8.66,41.16;
#58:
>0:-8.65,41.13;-8.65,41.16;-8.64,41.13;-8.64,41.15;-8.65,41.16;
#59:
>0:-8.65,41.15;-8.65,41.13;-8.64,41.15;-8.66,41.15;
#60:
>0:-8.65,41.14;-8.64,41.15;-8.66,41.15;
#61:
>0:-8.65,41.15;-8.65,41.13;-8.64,41.15;-8.66,41.16;
#62:
>0:-8.64,41.14;-8.64,41.14;-8.65,41.16;
#63:
>0:-8.64,41.15;-8.65,41.15;
#64:
>0:-8.66,41.13;-8.64,41.13;-8.65,41.14;-8.65,41.16;
#65:
>0:-8.64,41.15;-8.66,41.16;
#66:
>0:-8.64,41.15;-8.65,41.16;
#67:
>0:-8.64,41.17;-8.65,41.14;-8.64,41.13;-8.65,41.15;-8.64,41.14;-8.64,41.14;-8.64,41.13;-8.64,41.14;-8.66,41.16;
#68:
>0:-8.66,41.17;-8.65,41.17;-8.65,41.15;-8.66,41.15;
#69:
>0:-8.54,41.16;-8.54,41.16;
#70:
>0:-8.64,41.16;-8.64,41.15;-8.65,41.13;-8.64,41.15;-8.66,41.15;
#71:
>0:-8.66,41.17;-8.65,41.15;
#72:
>0:-8.65,41.17;-8.64,41.15;-8.65,41.13;-8.65,41.15;-8.65,41.15;
#73:
>0:-8.64,41.16;-8.66,41.14;
#74:
>0:-8.64,41.15;-8.66,41.16;
#75:
>0:-8.65,41.16;-8.65,41.15;
#76:
>0:-8.64,41.14;-8.65,41.14;
#77:
>0:-8.64,41.14;-8.66,41.15;
#78:
>0:-8.64,41.14;-8.65,41.17;-8.65,41.15;-8.65,41.14;
#79:
>0:-8.65,41.14;-8.65,41.14;
#80:
>0:-8.66,41.16;-8.66,41.15;
#81:
>0:-8.64,41.16;-8.64,41.14;-8.64,41.16;-8.66,41.15;
#82:
>0:-8.64,41.16;-8.64,41.16;-8.65,41.16;
#83:
>0:-8.65,41.17;-8.66,41.15;
#84:
>0:-8.64,41.16;-8.64,41.13;-8.65,41.14;-8.66,41.15;
#85:
>0:-8.54,41.16;-8.54,41.16;
#86:
>0:-8.64,41.14;-8.64,41.15;-8.65,41.14;-8.65,41.15;-8.65,41.15;
#87:
>0:-8.64,41.15;-8.65,41.15;
#88:
>0:-8.65,41.14;-8.65,41.15;-8.65,41.14;-8.64,41.15;-8.66,41.15;
#89:
>0:-8.65,41.16;-8.64,41.14;-8.65,41.14;-8.65,41.15;
#90:
>0:-8.65,41.14;-8.65,41.15;-8.65,41.16;
#91:
>0:-8.64,41.13;-8.65,41.15;-8.66,41.15;
#92:
>0:-8.54,41.14;-8.54,41.18;
#93:
>0:-8.66,41.17;-8.65,41.15;
#94:
>0:-8.64,41.14;-8.64,41.18;-8.65,41.16;-8.65,41.13;-8.64,41.14;-8.66,41.15;
#95:
>0:-8.65,41.17;-8.64,41.17;-8.64,41.14;-8.66,41.16;
#96:
>0:-8.54,41.15;-8.54,41.17;
#97:
>0:-8.65,41.14;-8.64,41.15;-8.66,41.16;
#98:
>0:-8.65,41.15;-8.65,41.16;-8.64,41.15;-8.65,41.15;
#99:
>0:-8.65,41.17;-8.66,41.15;
#100:
>0:-8.64,41.15;-8.66,41.15;
#101:
>0:-8.65,41.13;-8.64,41.14;-8.64,41.13;-8.65,41.15;-8.65,41.15;
#102:
>0:-8.54,41.15;-8.54,41.17;
#103:
>0:-8.65,41.16;-8.65,41.15;
#104:
>0:-8.54,41.15;-8.53,41.16;
#105:
>0:-8.66,41.17;-8.66,41.16;
#106:
>0:-8.66,41.15;-8.66,41.14;
#107:
>0:-8.64,41.14;-8.66,41.15;
#108:
>0:-8.64,41.14;-8.64,41.15;-8.65,41.15;
#109:
>0:-8.64,41.14;-8.64,41.15;-8.66,41.15;
#110:
>0:-8.66,41.17;-8.65,41.15;
#111:
>0:-8.54,41.15;-8.54,41.17;
#112:
>0:-8.64,41.16;-8.65,41.15;
#113:
>0:-8.64,41.15;-8.66,41.15;
#114:
>0:-8.64,41.16;-8.66,41.16;
#115:
>0:-8.64,41.15;-8.66,41.15;
#116:
>0:-8.64,41.16;-8.64,41.15;-8.66,41.16;
#117:
>0:-8.65,41.16;-8.66,41.16;
#118:
>0:-8.64,41.16;-8.65,41.13;-8.64,41.15;-8.66,41.16;
#119:
>0:-8.66,41.16;-8.66,41.15;
#120:
>0:-8.65,41.16;-8.64,41.14;-8.65,41.15;-8.66,41.15;
#121:
>0:-8.54,41.15;-8.55,41.17;
#122:
>0:-8.66,41.17;-8.66,41.15;
#123:
>0:-8.65,41.13;-8.64,41.15;-8.66,41.14;
#124:
>0:-8.66,41.13;-8.64,41.14;-8.64,41.16;-8.66,41.16;
#125:
>0:-8.64,41.15;-8.65,41.15;
#126:
>0:-8.64,41.15;-8.65,41.14;-8.65,41.14;-8.66,41.16;
#127:
>0:-8.54,41.16;-8.54,41.16;
#128:
>0:-8.65,41.16;-8.66,41.15;
#129:
>0:-8.65,41.17;-8.64,41.14;-8.66,41.16;
#130:
>0:-8.65,41.15;-8.65,41.15;
#131:
>0:-8.65,41.13;-8.64,41.13;-8.65,41.15;-8.65,41.14;-8.65,41.16;-8.66,41.15;
#132:
>0:-8.64,41.16;-8.65,41.16;
#133:
>0:-8.64,41.14;-8.65,41.15;-8.66,41.16;
#134:
>0:-8.66,41.17;-8.66,41.15;
#135:
>0:-8.64,41.14;-8.65,41.15;
#136:
>0:-8.66,41.15;-8.65,41.14;
#137:
>0:-8.65,41.15;-8.66,41.15;
#138:
>0:-8.64,41.13;-8.64,41.15;-8.65,41.14;-8.64,41.14;-8.65,41.15;
#139:
>0:-8.64,41.15;-8.64,41.14;-8.64,41.15;-8.66,41.15;
#140:
>0:-8.65,41.16;-8.66,41.15;
#141:
>0:-8.66,41.17;-8.66,41.14;
#142:
>0:-8.66,41.17;-8.65,41.15;
#143:
>0:-8.66,41.17;-8.66,41.14;
#144:
>0:-8.64,41.15;-8.65,41.13;-8.65,41.15;-8.66,41.16;
#145:
>0:-8.64,41.18;-8.65,41.14;-8.66,41.15;
#146:
>0:-8.66,41.16;-8.66,41.15;
#147:
>0:-8.65,41.17;-8.66,41.16;
#148:
>0:-8.66,41.16;-8.66,41.16;
#149:
>0:-8.64,41.15;-8.66,41.15;
#150:
>0:-8.54,41.15;-8.54,41.17;
#151:
>0:-8.64,41.17;-8.64,41.15;-8.64,41.13;-8.65,41.15;-8.65,41.16;
#152:
>0:-8.65,41.15;-8.65,41.15;
#153:
>0:-8.65,41.14;-8.64,41.16;-8.66,41.15;
#154:
>0:-8.65,41.17;-8.66,41.15;
#155:
>0:-8.54,41.15;-8.53,41.17;
#156:
>0:-8.64,41.15;-8.65,41.13;-8.65,41.15;-8.65,41.16;
#157:
>0:-8.53,41.15;-8.54,41.16;
#158:
>0:-8.54,41.16;-8.54,41.18;
#159:
>0:-8.65,41.17;-8.66,41.15;
#160:
>0:-8.65,41.17;-8.64,41.15;-8.66,41.15;
#161:
>0:-8.64,41.15;-8.65,41.15;
#162:
>0:-8.65,41.14;-8.64,41.16;-8.66,41.14;
#163:
>0:-8.66,41.17;-8.66,41.15;
#164:
>0:-8.65,41.17;-8.66,41.15;
#165:
>0:-8.66,41.17;-8.66,41.15;
#166:
>0:-8.64,41.13;-8.65,41.15;-8.65,41.16;
#167:
>0:-8.64,41.14;-8.64,41.15;-8.64,41.14;-8.65,41.14;-8.66,41.14;
#168:
>0:-8.64,41.16;-8.66,41.16;
#169:
>0:-8.64,41.15;-8.64,41.14;-8.65,41.15;-8.66,41.16;
#170:
>0:-8.65,41.15;-8.66,41.15;
#171:
>0:-8.65,41.17;-8.65,41.16;-8.66,41.14;
#172:
>0:-8.54,41.15;-8.54,41.18;
#173:
>0:-8.65,41.14;-8.64,41.14;-8.65,41.15;
#174:
>0:-8.65,41.15;-8.65,41.16;-8.64,41.16;-8.65,41.15;
#175:
>0:-8.64,41.15;-8.64,41.13;-8.64,41.15;-8.65,41.15;
#176:
>0:-8.64,41.15;-8.66,41.15;
#177:
>0:-8.66,41.14;-8.64,41.14;-8.64,41.15;-8.65,41.16;
#178:
>0:-8.65,41.17;-8.65,41.17;-8.64,41.15;-8.65,41.16;
#179:
>0:-8.64,41.15;-8.66,41.14;
#180:
>0:-8.66,41.16;-8.65,41.14;
#181:
>0:-8.64,41.13;-8.65,41.16;-8.66,41.14;
#182:
>0:-8.64,41.16;-8.65,41.15;
#183:
>0:-8.65,41.18;-8.65,41.15;
#184:
>0:-8.64,41.15;-8.65,41.16;
#185:
>0:-8.66,41.14;-8.65,41.11;-8.66,41.11;-8.66,41.12;-8.65,41.14;-8.64,41.13;-8.65,41.16;-8.65,41.16;
#186:
>0:-8.53,41.15;-8.54,41.17;
#187:
>0:-8.65,41.15;-8.65,41.15;
#188:
>0:-8.64,41.16;-8.64,41.15;-8.66,41.15;
#189:
>0:-8.66,41.17;-8.66,41.15;
#190:
>0:-8.64,41.16;-8.66,41.15;
#191:
>0:-8.65,41.14;-8.64,41.13;-8.65,41.14;-8.65,41.14;-8.65,41.15;-8.64,41.13;-8.64,41.16;-8.66,41.16;
#192:
>0:-8.66,41.14;-8.65,41.13;-8.65,41.15;-8.66,41.14;
#193:
>0:-8.65,41.17;-8.65,41.15;-8.64,41.13;-8.64,41.14;-8.64,41.14;-8.64,41.15;-8.64,41.14;-8.65,41.15;-8.66,41.16;
#194:
>0:-8.66,41.17;-8.66,41.16;
#195:
>0:-8.66,41.17;-8.66,41.15;
#196:
>0:-8.65,41.15;-8.65,41.15;
#197:
>0:-8.66,41.13;-8.65,41.14;-8.65,41.15;-8.65,41.15;
#198:
>0:-8.65,41.16;-8.66,41.14;
#199:
>0:-8.66,41.17;-8.66,41.15;
#200:
>0:-8.53,41.15;-8.54,41.18;
#201:
>0:-8.64,41.16;-8.64,41.17;-8.64,41.16;-8.66,41.14;
#202:
>0:-8.66,41.18;-8.66,41.14;
#203:
>0:-8.66,41.17;-8.66,41.15;
#204:
>0:-8.65,41.14;-8.65,41.15;-8.66,41.16;
#205:
>0:-8.66,41.15;-8.65,41.14;
#206:
>0:-8.66,41.16;-8.65,41.16;
#207:
>0:-8.66,41.17;-8.65,41.15;
#208:
>0:-8.64,41.15;-8.65,41.16;
#209:
>0:-8.54,41.16;-8.53,41.16;
#210:
>0:-8.66,41.16;-8.65,41.15;
#211:
>0:-8.64,41.14;-8.65,41.16;
#212:
>0:-8.66,41.16;-8.66,41.15;
#213:
>0:-8.64,41.15;-8.65,41.15;
#214:
>0:-8.66,41.16;-8.65,41.16;
#215:
>0:-8.65,41.15;-8.64,41.13;-8.65,41.16;-8.66,41.15;
#216:
>0:-8.54,41.15;-8.54,41.16;
#217:
>0:-8.64,41.16;-8.65,41.14;-8.65,41.14;-8.64,41.13;-8.64,41.15;-8.65,41.15;
#218:
>0:-8.64,41.15;-8.66,41.15;
#219:
>0:-8.66,41.16;-8.66,41.16;
#220:
>0:-8.64,41.13;-8.65,41.14;-8.65,41.16;
#221:
>0:-8.65,41.15;-8.66,41.15;
#222:
>0:-8.66,41.15;-8.66,41.15;
#223:
>0:-8.65,41.15;-8.65,41.16;-8.63,41.16;-8.65,41.17;-8.65,41.15;-8.66,41.15;
#224:
>0:-8.64,41.14;-8.66,41.16;
#225:
>0:-8.64,41.14;-8.64,41.16;-8.65,41.15;
#226:
>0:-8.54,41.15;-8.53,41.16;
#227:
>0:-8.64,41.16;-8.66,41.15;
#228:
>0:-8.66,41.17;-8.65,41.16;
#229:
>0:-8.65,41.15;-8.65,41.13;-8.64,41.15;-8.66,41.16;
#230:
>0:-8.64,41.16;-8.65,41.14;
#231:
>0:-8.66,41.13;-8.65,41.14;-8.64,41.15;-8.66,41.14;
#232:
>0:-8.64,41.15;-8.65,41.15;
#233:
>0:-8.65,41.15;-8.65,41.13;-8.64,41.16;-8.66,41.15;
#234:
>0:-8.64,41.15;-8.66,41.15;
#235:
>0:-8.64,41.14;-8.65,41.15;-8.66,41.15;
#236:
>0:-8.65,41.13;-8.64,41.14;-8.64,41.14;-8.66,41.15;
#237:
>0:-8.64,41.16;-8.66,41.15;
#238:
>0:-8.66,41.16;-8.66,41.14;
#239:
>0:-8.64,41.14;-8.64,41.15;-8.66,41.15;
#240:
>0:-8.66,41.16;-8.66,41.15;
#241:
>0:-8.65,41.10;-8.66,41.10;-8.65,41.12;-8.66,41.14;-8.64,41.13;-8.64,41.14;-8.64,41.13;-8.65,41.15;-8.65,41.17;-8.65,41.15;-8.65,41.13;-8.65,41.16;-8.65,41.14;
#242:
>0:-8.65,41.18;-8.66,41.15;
#243:
>0:-8.64,41.15;-8.64,41.13;-8.65,41.16;-8.65,41.15;
#244:
>0:-8.64,41.16;-8.64,41.14;-8.64,41.15;-8.65,41.15;
#245:
>0:-8.66,41.16;-8.66,41.15;
#246:
>0:-8.54,41.16;-8.54,41.16;
#247:
>0:-8.65,41.15;-8.66,41.15;
#248:
>0:-8.64,41.15;-8.65,41.17;-8.64,41.15;-8.66,41.15;
#249:
>0:-8.66,41.17;-8.66,41.15;
#250:
>0:-8.64,41.15;-8.66,41.16;
#251:
>0:-8.53,41.15;-8.54,41.16;
#252:
>0:-8.64,41.15;-8.64,41.13;-8.64,41.14;-8.65,41.13;-8.64,41.16;-8.65,41.15;
#253:
>0:-8.64,41.15;-8.64,41.13;-8.65,41.16;-8.65,41.15;
#254:
>0:-8.65,41.14;-8.64,41.15;-8.65,41.16;
#255:
>0:-8.65,41.18;-8.66,41.15;
#256:
>0:-8.65,41.16;-8.65,41.16;
#257:
>0:-8.65,41.17;-8.66,41.14;
#258:
>0:-8.66,41.17;-8.66,41.15;
#259:
>0:-8.65,41.15;-8.66,41.15;
#260:
>0:-8.54,41.15;-8.54,41.17;
#261:
>0:-8.64,41.15;-8.66,41.16;
#262:
>0:-8.65,41.15;-8.66,41.15;
#263:
>0:-8.65,41.13;-8.65,41.14;-8.65,41.15;-8.65,41.13;-8.64,41.15;-8.66,41.15;
#264:
>0:-8.64,41.17;-8.64,41.14;-8.66,41.15;
#265:
>0:-8.64,41.14;-8.66,41.16;
#266:
>0:-8.64,41.15;-8.66,41.15;
#267:
>0:-8.65,41.15;-8.65,41.14;-8.65,41.15;-8.65,41.13;-8.64,41.14;-8.65,41.14;
#268:
>0:-8.65,41.17;-8.65,41.16;-8.64,41.14;-8.65,41.16;-8.66,41.15;
#269:
>0:-8.64,41.15;-8.66,41.15;
#270:
>0:-8.64,41.17;-8.64,41.15;-8.66,41.15;
#271:
>0:-8.64,41.15;-8.66,41.14;
#272:
>0:-8.64,41.15;-8.65,41.15;
#273:
>0:-8.66,41.17;-8.66,41.14;
#274:
>0:-8.64,41.15;-8.65,41.14;-8.64,41.15;-8.65,41.15;
#275:
>0:-8.65,41.15;-8.65,41.15;
#276:
>0:-8.65,41.16;-8.65,41.13;-8.64,41.15;-8.66,41.16;
#277:
>0:-8.65,41.15;-8.65,41.13;-8.65,41.15;-8.66,41.16;
#278:
>0:-8.64,41.15;-8.66,41.15;
#279:
>0:-8.65,41.14;-8.65,41.13;-8.64,41.15;-8.66,41.15;
#280:
>0:-8.66,41.18;-8.65,41.15;
#281:
>0:-8.64,41.14;-8.66,41.15;
#282:
>0:-8.64,41.17;-8.65,41.14;-8.64,41.13;-8.65,41.13;-8.64,41.13;-8.66,41.14;-8.64,41.13;-8.64,41.15;-8.66,41.16;
#283:
>0:-8.66,41.16;-8.66,41.15;
#284:
>0:-8.65,41.14;-8.65,41.16;-8.65,41.16;
#285:
>0:-8.65,41.17;-8.66,41.15;
#286:
>0:-8.64,41.13;-8.65,41.16;-8.66,41.15;
#287:
>0:-8.65,41.15;-8.64,41.17;-8.65,41.15;-8.66,41.16;
#288:
>0:-8.64,41.16;-8.65,41.15;-8.65,41.15;
#289:
>0:-8.64,41.13;-8.64,41.14;-8.66,41.16;
#290:
>0:-8.64,41.14;-8.66,41.14;
#291:
>0:-8.64,41.16;-8.66,41.15;
#292:
>0:-8.66,41.15;-8.66,41.15;
#293:
>0:-8.66,41.17;-8.66,41.15;
#294:
>0:-8.66,41.17;-8.66,41.15;
#295:
>0:-8.66,41.16;-8.65,41.14;
#296:
>0:-8.64,41.15;-8.66,41.15;
#297:
>0:-8.64,41.15;-8.65,41.15;
#298:
>0:-8.65,41.15;-8.66,41.16;
#299:
>0:-8.64,41.15;-8.66,41.15;
#300:
>0:-8.65,41.15;-8.65,41.17;-8.64,41.15;-8.65,41.15;
#301:
>0:-8.65,41.17;-8.64,41.15;-8.65,41.13;-8.64,41.15;-8.65,41.16;
#302:
>0:-8.66,41.15;-8.65,41.15;
#303:
>0:-8.64,41.15;-8.65,41.15;
#304:
>0:-8.64,41.15;-8.66,41.15;
#305:
>0:-8.64,41.13;-8.64,41.15;-8.66,41.16;
#306:
>0:-8.65,41.14;-8.65,41.15;-8.65,41.15;
#307:
>0:-8.64,41.15;-8.65,41.14;
#308:
>0:-8.66,41.13;-8.64,41.14;-8.64,41.16;-8.66,41.16;
#309:
>0:-8.65,41.17;-8.66,41.14;
#310:
>0:-8.65,41.16;-8.66,41.16;
#311:
>0:-8.65,41.15;-8.65,41.15;
#312:
>0:-8.64,41.14;-8.65,41.14;
#313:
>0:-8.66,41.18;-8.66,41.15;
#314:
>0:-8.66,41.16;-8.66,41.16;
#315:
>0:-8.64,41.16;-8.65,41.14;-8.66,41.16;
#316:
>0:-8.64,41.14;-8.64,41.15;-8.66,41.15;
#317:
>0:-8.65,41.17;-8.65,41.16;
#318:
>0:-8.65,41.17;-8.66,41.16;
#319:
>0:-8.64,41.14;-8.65,41.16;-8.64,41.15;-8.66,41.15;
#320:
>0:-8.64,41.13;-8.64,41.14;-8.65,41.15;
#321:
>0:-8.66,41.16;-8.66,41.16;
#322:
>0:-8.64,41.15;-8.65,41.16;
#323:
>0:-8.66,41.16;-8.66,41.15;
#324:
>0:-8.54,41.16;-8.54,41.17;
#325:
>0:-8.64,41.13;-8.64,41.14;-8.66,41.15;
#326:
>0:-8.65,41.13;-8.65,41.15;-8.65,41.15;
#327:
>0:-8.66,41.14;-8.66,41.15;
#328:
>0:-8.65,41.16;-8.65,41.15;
#329:
>0:-8.54,41.16;-8.54,41.17;
#330:
>0:-8.65,41.17;-8.64,41.15;-8.66,41.15;
#331:
>0:-8.66,41.16;-8.66,41.15;
#332:
>0:-8.64,41.15;-8.65,41.15;
#333:
>0:-8.66,41.17;-8.65,41.15;
#334:
>0:-8.54,41.14;-8.53,41.17;
#335:
>0:-8.64,41.16;-8.65,41.15;
#336:
>0:-8.64,41.15;-8.66,41.15;
#337:
>0:-8.66,41.13;-8.65,41.13;-8.64,41.15;-8.66,41.16;
#338:
>0:-8.64,41.14;-8.65,41.15;-8.65,41.14;
#339:
>0:-8.64,41.14;-8.66,41.14;
#340:
>0:-8.64,41.16;-8.64,41.14;-8.65,41.15;
#341:
>0:-8.64,41.16;-8.65,41.14;-8.65,41.14;-8.64,41.16;-8.66,41.15;
#342:
>0:-8.65,41.15;-8.65,41.13;-8.65,41.14;-8.66,41.14;
#343:
>0:-8.63,41.17;-8.64,41.16;-8.64,41.15;-8.66,41.15;
#344:
>0:-8.64,41.14;-8.64,41.16;-8.65,41.13;-8.64,41.15;-8.66,41.15;
#345:
>0:-8.65,41.15;-8.65,41.13;-8.65,41.16;-8.66,41.16;
#346:
>0:-8.65,41.14;-8.65,41.15;
#347:
>0:-8.65,41.14;-8.64,41.13;-8.64,41.15;-8.66,41.15;
#348:
>0:-8.64,41.15;-8.66,41.15;
#349:
>0:-8.64,41.15;-8.64,41.13;-8.64,41.16;-8.66,41.16;
#350:
>0:-8.64,41.14;-8.65,41.15;
#351:
>0:-8.64,41.13;-8.65,41.16;-8.65,41.15;
#352:
>0:-8.66,41.16;-8.65,41.16;
#353:
>0:-8.65,41.16;-8.66,41.15;
#354:
>0:-8.64,41.13;-8.64,41.15;-8.65,41.14;-8.65,41.16;-8.65,41.13;-8.65,41.15;-8.65,41.15;
#355:
>0:-8.64,41.15;-8.66,41.15;
#356:
>0:-8.66,41.16;-8.66,41.15;
#357:
>0:-8.65,41.14;-8.65,41.14;
#358:
>0:-8.66,41.15;-8.65,41.14;
#359:
>0:-8.65,41.13;-8.65,41.15;-8.66,41.15;
#360:
>0:-8.65,41.13;-8.65,41.15;-8.66,41.15;
#361:
>0:-8.54,41.15;-8.54,41.16;
#362:
>0:-8.64,41.14;-8.64,41.14;-8.66,41.15;
#363:
>0:-8.65,41.15;-8.66,41.15;
#364:
>0:-8.65,41.18;-8.65,41.15;
#365:
>0:-8.64,41.14;-8.65,41.15;-8.65,41.16;-8.64,41.16;-8.64,41.14;-8.65,41.16;-8.66,41.14;
#366:
>0:-8.54,41.15;-8.53,41.18;
#367:
>0:-8.65,41.16;-8.65,41.15;-8.65,41.15;
#368:
>0:-8.64,41.15;-8.66,41.15;
#369:
>0:-8.65,41.15;-8.66,41.15;
#370:
>0:-8.64,41.18;-8.65,41.15;-8.66,41.15;
#371:
>0:-8.65,41.13;-8.64,41.15;-8.66,41.16;
#372:
>0:-8.64,41.16;-8.64,41.14;-8.64,41.15;-8.65,41.13;-8.65,41.15;-8.65,41.15;
#373:
>0:-8.66,41.13;-8.64,41.13;-8.65,41.15;-8.64,41.13;-8.65,41.16;-8.65,41.16;
#374:
>0:-8.66,41.16;-8.65,41.16;
#375:
>0:-8.65,41.16;-8.66,41.15;
#376:
>0:-8.65,41.17;-8.64,41.14;-8.64,41.13;-8.65,41.15;-8.66,41.15;
#377:
>0:-8.64,41.13;-8.64,41.16;-8.64,41.14;-8.64,41.16;-8.65,41.15;
#378:
>0:-8.65,41.16;-8.66,41.14;
#379:
>0:-8.65,41.15;-8.65,41.14;-8.64,41.15;-8.66,41.16;
#380:
>0:-8.64,41.16;-8.66,41.15;
#381:
>0:-8.64,41.15;-8.64,41.17;-8.64,41.15;-8.66,41.16;
#382:
>0:-8.66,41.14;-8.64,41.13;-8.64,41.14;-8.66,41.15;
#383:
>0:-8.65,41.15;-8.65,41.17;-8.64,41.15;-8.66,41.14;
#384:
>0:-8.65,41.15;-8.65,41.14;-8.65,41.16;-8.64,41.13;-8.65,41.15;-8.64,41.13;-8.64,41.15;-8.66,41.15;
#385:
>0:-8.66,41.17;-8.65,41.16;
#386:
>0:-8.66,41.17;-8.66,41.16;
#387:
>0:-8.65,41.16;-8.65,41.13;-8.64,41.16;-8.66,41.15;
#388:
>0:-8.66,41.17;-8.65,41.14;
#389:
>0:-8.66,41.17;-8.66,41.15;
#390:
>0:-8.65,41.13;-8.65,41.16;-8.66,41.16;
#391:
>0:-8.64,41.15;-8.65,41.15;
#392:
>0:-8.65,41.16;-8.66,41.14;
#393:
>0:-8.65,41.15;-8.66,41.15;
#394:
>0:-8.66,41.14;-8.64,41.14;-8.64,41.15;-8.65,41.17;-8.65,41.14;-8.65,41.17;-8.64,41.15;-8.66,41.16;
#395:
>0:-8.65,41.13;-8.64,41.16;-8.66,41.15;
#396:
>0:-8.65,41.14;-8.65,41.15;
#397:
>0:-8.64,41.14;-8.66,41.16;
#398:
>0:-8.54,41.15;-8.54,41.17;
#399:
>0:-8.64,41.13;-8.64,41.15;-8.66,41.14;
#400:
>0:-8.64,41.15;-8.66,41.15;
#401:
>0:-8.64,41.15;-8.66,41.15;
#402:
>0:-8.65,41.13;-8.65,41.15;-8.65,41.13;-8.64,41.15;-8.65,41.14;-8.65,41.15;-8.65,41.14;-8.64,41.16;-8.66,41.15;
#403:
>0:-8.66,41.18;-8.66,41.15;
#404:
>0:-8.66,41.15;-8.65,41.16;
#405:
>0:-8.64,41.16;-8.65,41.16;-8.65,41.15;
#406:
>0:-8.66,41.16;-8.66,41.15;
#407:
>0:-8.65,41.17;-8.66,41.16;
#408:
>0:-8.64,41.15;-8.66,41.14;
#409:
>0:-8.64,41.14;-8.65,41.16;-8.64,41.13;-8.65,41.14;-8.65,41.14;-8.65,41.16;-8.65,41.16;
#410:
>0:-8.65,41.17;-8.65,41.15;-8.65,41.14;-8.65,41.15;-8.66,41.15;
#411:
>0:-8.65,41.15;-8.66,41.14;
#412:
>0:-8.53,41.16;-8.54,41.17;
#413:
>0:-8.64,41.13;-8.64,41.15;-8.66,41.16;
#414:
>0:-8.65,41.13;-8.65,41.13;-8.64,41.13;-8.64,41.15;-8.64,41.13;-8.64,41.15;-8.65,41.15;
#415:
>0:-8.65,41.16;-8.64,41.14;-8.64,41.16;-8.66,41.15;
#416:
>0:-8.66,41.17;-8.66,41.16;
#417:
>0:-8.65,41.16;-8.66,41.15;
#418:
>0:-8.66,41.14;-8.64,41.13;-8.65,41.16;-8.66,41.15;
#419:
>0:-8.66,41.13;-8.64,41.13;-8.64,41.15;-8.65,41.16;
#420:
>0:-8.65,41.15;-8.66,41.15;
#421:
>0:-8.66,41.16;-8.66,41.15;
#422:
>0:-8.64,41.13;-8.64,41.15;-8.65,41.14;
#423:
>0:-8.66,41.17;-8.66,41.15;
#424:
>0:-8.66,41.17;-8.65,41.14;
#425:
>0:-8.64,41.16;-8.66,41.16;
#426:
>0:-8.65,41.15;-8.66,41.14;
#427:
>0:-8.65,41.14;-8.64,41.15;-8.65,41.15;
#428:
>0:-8.65,41.15;-8.66,41.15;
#429:
>0:-8.66,41.17;-8.66,41.16;
#430:
>0:-8.65,41.15;-8.65,41.15;
#431:
>0:-8.65,41.13;-8.64,41.14;-8.65,41.16;-8.64,41.17;-8.64,41.15;-8.66,41.15;
#432:
>0:-8.65,41.13;-8.64,41.15;-8.66,41.15;
#433:
>0:-8.65,41.13;-8.65,41.13;-8.65,41.15;-8.66,41.14;
#434:
>0:-8.66,41.17;-8.66,41.15;
#435:
>0:-8.65,41.15;-8.66,41.16;
#436:
>0:-8.64,41.17;-8.64,41.16;-8.65,41.18;-8.65,41.15;-8.66,41.14;
#437:
>0:-8.66,41.18;-8.65,41.15;
#438:
>0:-8.64,41.16;-8.65,41.15;
#439:
>0:-8.65,41.16;-8.66,41.15;
#440:
>0:-8.66,41.17;-8.65,41.14;
#441:
>0:-8.66,41.16;-8.65,41.17;-8.64,41.15;-8.66,41.15;
#442:
>0:-8.65,41.16;-8.64,41.15;-8.66,41.15;
#443:
>0:-8.64,41.15;-8.65,41.13;-8.65,41.14;-8.65,41.16;
#444:
>0:-8.65,41.15;-8.65,41.16;
#445:
>0:-8.64,41.16;-8.66,41.15;
#446:
>0:-8.65,41.13;-8.64,41.16;-8.65,41.15;
#447:
>0:-8.65,41.17;-8.66,41.16;
#448:
>0:-8.65,41.17;-8.65,41.15;-8.66,41.15;
#449:
>0:-8.65,41.15;-8.66,41.14;
#450:
>0:-8.64,41.15;-8.66,41.15;
#451:
>0:-8.53,41.15;-8.54,41.17;
#452:
>0:-8.66,41.17;-8.66,41.14;
#453:
>0:-8.65,41.16;-8.66,41.15;
#454:
>0:-8.66,41.16;-8.66,41.15;
#455:
>0:-8.65,41.17;-8.64,41.16;-8.66,41.15;
#456:
>0:-8.66,41.14;-8.65,41.13;-8.64,41.14;-8.66,41.14;
#457:
>0:-8.64,41.15;-8.65,41.13;-8.65,41.16;-8.66,41.15;
#458:
>0:-8.63,41.16;-8.64,41.17;-8.64,41.15;-8.66,41.14;
#459:
>0:-8.66,41.16;-8.65,41.15;
#460:
>0:-8.64,41.15;-8.66,41.15;
#461:
>0:-8.66,41.15;-8.66,41.14;
#462:
>0:-8.64,41.15;-8.64,41.13;-8.64,41.15;-8.66,41.16;
#463:
>0:-8.66,41.18;-8.65,41.14;
#464:
>0:-8.65,41.17;-8.66,41.15;
#465:
>0:-8.66,41.18;-8.66,41.15;
#466:
>0:-8.66,41.16;-8.65,41.14;
#467:
>0:-8.65,41.15;-8.65,41.16;
#468:
>0:-8.54,41.15;-8.54,41.17;
#469:
>0:-8.64,41.13;-8.64,41.15;-8.66,41.15;
#470:
>0:-8.64,41.14;-8.64,41.13;-8.64,41.15;-8.64,41.13;-8.65,41.15;-8.65,41.15;
#471:
>0:-8.65,41.15;-8.65,41.16;
#472:
>0:-8.66,41.17;-8.66,41.15;
#473:
>0:-8.64,41.14;-8.66,41.15;
#474:
>0:-8.64,41.15;-8.66,41.14;
#475:
>0:-8.66,41.17;-8.66,41.15;
#476:
>0:-8.64,41.15;-8.65,41.14;-8.64,41.15;-8.64,41.16;-8.64,41.16;-8.66,41.15;
#477:
>0:-8.65,41.17;-8.64,41.16;-8.65,41.14;-8.66,41.14;
#478:
>0:-8.66,41.18;-8.66,41.15;
#479:
>0:-8.54,41.16;-8.54,41.16;
#480:
>0:-8.64,41.15;-8.64,41.14;-8.65,41.15;-8.64,41.14;-8.64,41.16;-8.66,41.15;
#481:
>0:-8.64,41.15;-8.65,41.15;
#482:
>0:-8.64,41.13;-8.64,41.15;-8.65,41.13;-8.65,41.14;-8.66,41.16;
#483:
>0:-8.64,41.15;-8.65,41.14;
#484:
>0:-8.64,41.15;-8.66,41.15;
#485:
>0:-8.64,41.13;-8.64,41.15;-8.66,41.14;
#486:
>0:-8.65,41.14;-8.65,41.16;
#487:
>0:-8.64,41.15;-8.64,41.14;-8.64,41.16;-8.66,41.15;
#488:
>0:-8.64,41.15;-8.65,41.15;
#489:
>0:-8.64,41.15;-8.64,41.13;-8.65,41.14;-8.66,41.15;
#490:
>0:-8.64,41.15;-8.65,41.15;
#491:
>0:-8.66,41.17;-8.65,41.17;-8.65,41.15;-8.66,41.14;
#492:
>0:-8.53,41.15;-8.55,41.15;-8.54,41.17;
#493:
>0:-8.65,41.17;-8.64,41.16;-8.64,41.15;-8.64,41.17;-8.65,41.15;-8.65,41.15;
#494:
>0:-8.64,41.15;-8.66,41.15;
#495:
>0:-8.64,41.14;-8.64,41.14;-8.65,41.14;-8.64,41.15;-8.66,41.16;
#496:
>0:-8.65,41.15;-8.65,41.15;
#497:
>0:-8.53,41.15;-8.54,41.16;
#498:
>0:-8.64,41.16;-8.66,41.15;
#499:
>0:-8.64,41.17;-8.65,41.16;-8.66,41.15;
